10.0 10.0 67713
10.0 30.0 122224
31.0 10.0 64876
31.0 30.0 116739
53.0 10.0 66214
53.0 30.0 121910
74.0 10.0 129743
74.0 30.0 183845
95.0 10.0 317743
95.0 30.0 286254
117.0 10.0 194178
117.0 30.0 136943
138.0 10.0 82555
138.0 30.0 72050
159.0 10.0 59282
159.0 30.0 52036
180.0 10.0 52758
180.0 30.0 49103
202.0 10.0 52680
202.0 30.0 50659
223.0 10.0 63150
223.0 30.0 54735
244.0 10.0 89439
244.0 30.0 75485
266.0 10.0 202088
266.0 30.0 150164
287.0 10.0 482873
287.0 30.0 514777
308.0 10.0 300964
308.0 30.0 542274
329.0 10.0 130445
329.0 30.0 244388
351.0 10.0 79341
351.0 30.0 145804
20.0 50.0 276034
20.0 70.0 233842
60.0 50.0 219705
60.0 70.0 169382
100.0 50.0 158027
100.0 70.0 129246
140.0 50.0 71519
140.0 70.0 88189
180.0 50.0 55375
180.0 70.0 78872
220.0 50.0 61114
220.0 70.0 87926
260.0 50.0 111607
260.0 70.0 118997
300.0 50.0 363965
300.0 70.0 161771
340.0 50.0 424158
340.0 70.0 215453
